optimization	1000	6.1051718000000015E7	61051.718000000015
random	1000	1.4226699600000098E8	142266.99600000097
bfd	1000	8.022806399999985E7	80228.06399999985
optimization	1000	2.356439710000001E7	23564.39710000001
random	1000	6.5445576000000514E7	65445.57600000052
bfd	1000	2.6018207000000007E7	26018.207000000006
optimization	1000	3.161109229999992E7	31611.09229999992
random	1000	9.191595000000179E7	91915.95000000179
bfd	1000	3.230558300000016E7	32305.58300000016
optimization	1000	2.380605499999997E7	23806.05499999997
random	1000	6.089104700000117E7	60891.04700000117
bfd	1000	2.380605499999997E7	23806.05499999997
optimization	1000	4.105523080000006E7	41055.230800000056
random	1000	1.053368080000021E8	105336.8080000021
bfd	1000	4.18962120000001E7	41896.212000000094
optimization	1000	7.20830804000001E7	72083.0804000001
random	1000	1.281760130000022E8	128176.0130000022
bfd	1000	9.108323000000001E7	91083.23000000001
optimization	1000	6.80840339E7	68084.03390000001
random	1000	1.1297527000000043E8	112975.27000000043
bfd	1000	7.810219500000003E7	78102.19500000004
optimization	1000	2.4141590500000007E7	24141.590500000006
random	1000	4.497810900000073E7	44978.10900000073
bfd	1000	2.544822900000004E7	25448.22900000004
optimization	1000	3.0120455000000063E7	30120.455000000064
random	1000	1.1947252100000149E8	119472.52100000149
bfd	1000	3.567904100000015E7	35679.04100000015
optimization	1000	4.328538020000003E7	43285.380200000036
random	1000	7.573093799999988E7	75730.93799999988
bfd	1000	4.644145100000007E7	46441.45100000007
