optimization	1000	3.753776229999996E7	37537.76229999996
random	1000	1.0933902720000073E8	109339.02720000074
bfd	1000	4.036294980000007E7	40362.949800000075
optimization	1000	3.019104320000009E7	30191.043200000087
random	1000	9.285277979999875E7	92852.77979999875
bfd	1000	3.503444460000004E7	35034.44460000004
optimization	1000	7.468465329999985E7	74684.65329999985
random	1000	1.2569164820000058E8	125691.64820000058
bfd	1000	9.033149060000002E7	90331.49060000002
optimization	1000	2.41947245000001E7	24194.724500000102
random	1000	8.799087500000048E7	87990.87500000048
bfd	1000	2.4577187400000103E7	24577.187400000104
optimization	1000	6.241970149999984E7	62419.70149999984
random	1000	9.675897499999948E7	96758.97499999948
bfd	1000	6.722713580000027E7	67227.13580000027
optimization	1000	3.8536152599999994E7	38536.152599999994
random	1000	8.071005839999995E7	80710.05839999995
bfd	1000	4.028056080000013E7	40280.56080000013
optimization	1000	5.102734000000004E7	51027.34000000004
random	1000	1.0907639780000153E8	109076.39780000153
bfd	1000	5.7099031600000225E7	57099.03160000023
optimization	1000	3.2364195899999913E7	32364.19589999991
random	1000	9.764685380000037E7	97646.85380000038
bfd	1000	3.792429640000009E7	37924.29640000009
optimization	1000	4.664124420000013E7	46641.24420000013
random	1000	9.953562920000023E7	99535.62920000023
bfd	1000	5.5391070800000235E7	55391.070800000234
optimization	1000	2.6385680900000088E7	26385.680900000087
random	1000	7.416400940000027E7	74164.00940000027
bfd	1000	3.0039385400000084E7	30039.385400000083
optimization	1000	4.260613650000001E7	42606.13650000001
random	1000	9.990032519999954E7	99900.32519999954
bfd	1000	4.911566320000004E7	49115.66320000004
