optimization	1000	4.045037680000009E7	40450.376800000085
random	1000	1.0127894200000009E8	101278.94200000008
bfd	1000	4.445310480000013E7	44453.10480000013
optimization	1000	3.806009780000007E7	38060.09780000007
random	1000	1.0213675709999985E8	102136.75709999984
bfd	1000	4.3440716500000134E7	43440.71650000013
optimization	1000	4.620306750000002E7	46203.06750000002
random	1000	8.66670647000005E7	86667.0647000005
bfd	1000	4.6500127099999934E7	46500.12709999993
optimization	1000	4.6758849100000024E7	46758.84910000002
random	1000	8.212610390000059E7	82126.10390000058
bfd	1000	4.713247840000011E7	47132.47840000011
optimization	1000	5.715867630000014E7	57158.67630000014
random	1000	1.1466984880000173E8	114669.84880000172
bfd	1000	7.600432529999991E7	76004.32529999991
optimization	1000	2.692814270000004E7	26928.14270000004
random	1000	7.57780898999996E7	75778.0898999996
bfd	1000	2.692814270000004E7	26928.14270000004
optimization	1000	7.804769399999967E7	78047.69399999967
random	1000	1.3471815800000048E8	134718.1580000005
bfd	1000	9.23380244999999E7	92338.0244999999
optimization	1000	2.9229124699999966E7	29229.124699999964
random	1000	9.358082489999971E7	93580.8248999997
bfd	1000	3.364062139999999E7	33640.62139999999
optimization	1000	5.4085825500000186E7	54085.82550000019
random	1000	1.0115206020000103E8	101152.06020000103
bfd	1000	5.789076330000002E7	57890.76330000002
optimization	1000	3.468967720000005E7	34689.67720000005
random	1000	1.2059664540000053E8	120596.64540000053
bfd	1000	4.168662570000026E7	41686.62570000026
